enc_method,packet_bytes,n_packets_bundled,packets_per_sec,Average Delay,Maximum Delay,Minimum Delay,Delta Time,tot_packets
1.0,8.0,1.0,16.0,0.06537261000000004,0.070157,0.06377,6.56829309463501,100.0
1.0,8.0,1.0,64.0,0.02060845,0.032981,0.016954,2.1148812770843506,100.0
1.0,8.0,1.0,128.0,0.01569625,0.031322,0.008958,1.6436729431152344,100.0
1.0,8.0,1.0,256.0,0.010770199999999999,0.02911,0.005981,1.1600186824798584,100.0
1.0,8.0,2.0,16.0,0.0653334,0.067958,0.063754,6.434457302093506,100.0
1.0,8.0,2.0,64.0,0.02006488,0.028405,0.017,1.826561450958252,100.0
1.0,8.0,2.0,128.0,0.012468919999999996,0.022975,0.009886,1.0671179294586182,100.0
1.0,8.0,2.0,256.0,0.011461759999999998,0.028146,0.004958,0.8279209136962891,100.0
1.0,8.0,4.0,16.0,0.06539132,0.066964,0.064003,6.363022327423096,100.0
1.0,8.0,4.0,64.0,0.019759559999999995,0.024045,0.018001,1.6994709968566895,100.0
1.0,8.0,4.0,128.0,0.01538384,0.025967,0.009996,1.007359504699707,100.0
1.0,8.0,4.0,256.0,0.01120272,0.031322,0.005004,0.6271727085113525,100.0
1.0,8.0,8.0,16.0,0.0658865,0.069009,0.063962,6.341385364532471,100.0
1.0,8.0,8.0,64.0,0.01933358333333333,0.021003,0.018002,1.645113468170166,100.0
1.0,8.0,8.0,128.0,0.012334,0.015001,0.009984,0.8829631805419922,100.0
1.0,8.0,8.0,256.0,0.012260166666666667,0.01705,0.006051,0.5546684265136719,100.0
1.0,16.0,1.0,16.0,0.06517369,0.067335,0.063286,6.5382349491119385,100.0
1.0,16.0,1.0,64.0,0.01908918,0.027021,0.016958,1.9568347930908203,100.0
1.0,16.0,1.0,128.0,0.01588200999999999,0.034844,0.009955,1.6567537784576416,100.0
1.0,16.0,1.0,256.0,0.012795909999999999,0.030174,0.004963,1.3457136154174805,100.0
1.0,16.0,2.0,16.0,0.07073478,0.264522,0.064001,6.707537651062012,100.0
1.0,16.0,2.0,64.0,0.019301220000000004,0.034006,0.01697,1.7810063362121582,100.0
1.0,16.0,2.0,128.0,0.011159380000000002,0.023031,0.00896,0.9855501651763916,100.0
1.0,16.0,2.0,256.0,0.008658959999999999,0.023018,0.004936,0.6537702083587646,100.0
1.0,16.0,4.0,16.0,0.06489156000000001,0.065424,0.063965,6.35166072845459,100.0
1.0,16.0,4.0,64.0,0.01853052,0.019997,0.01702,1.6712086200714111,100.0
1.0,16.0,4.0,128.0,0.01109124,0.023024,0.008945,0.8838131427764893,100.0
1.0,16.0,4.0,256.0,0.007747320000000001,0.028925,0.004964,0.5011656284332275,100.0
1.0,16.0,8.0,16.0,0.06477825000000001,0.066,0.06396,6.328138828277588,100.0
1.0,16.0,8.0,64.0,0.01822516666666667,0.018992,0.017947,1.6302614212036133,100.0
1.0,16.0,8.0,128.0,0.010437916666666667,0.012362,0.008997,0.8426167964935303,100.0
1.0,16.0,8.0,256.0,0.00605625,0.007037,0.004998,0.4393188953399658,100.0
1.0,32.0,1.0,16.0,0.06480042,0.066964,0.063495,6.501028060913086,100.0
1.0,32.0,1.0,64.0,0.018247529999999994,0.033976,0.016975,1.8434407711029053,100.0
1.0,32.0,1.0,128.0,0.011312409999999995,0.031038,0.008946,1.1466588973999023,100.0
1.0,32.0,1.0,256.0,0.0084397,0.027052,0.004929,0.8619768619537354,100.0
1.0,32.0,2.0,16.0,0.06498908,0.066018,0.063964,6.404871463775635,100.0
1.0,32.0,2.0,64.0,0.018793880000000002,0.036006,0.016998,1.752570629119873,100.0
1.0,32.0,2.0,128.0,0.010857200000000001,0.028005,0.008977,0.9527556896209717,100.0
1.0,32.0,2.0,256.0,0.006914280000000003,0.022383,0.004654,0.5761668682098389,100.0
1.0,32.0,4.0,16.0,0.06488012000000001,0.065039,0.063963,6.352638483047485,100.0
1.0,32.0,4.0,64.0,0.0184532,0.021034,0.017936,1.6658191680908203,100.0
1.0,32.0,4.0,128.0,0.01143968,0.020005,0.008989,0.893967866897583,100.0
1.0,32.0,4.0,256.0,0.006527879999999999,0.019004,0.004952,0.4665348529815674,100.0
1.0,32.0,8.0,16.0,0.06513391666666667,0.065995,0.064808,6.329457998275757,100.0
1.0,32.0,8.0,64.0,0.019168833333333333,0.022001,0.017997,1.6420190334320068,100.0
1.0,32.0,8.0,128.0,0.010725083333333331,0.01497,0.009957,0.8355133533477783,100.0
1.0,32.0,8.0,256.0,0.006889166666666668,0.01796,0.004947,0.44162535667419434,100.0
1.0,64.0,1.0,16.0,0.06476267,0.067005,0.063624,6.504308223724365,100.0
1.0,64.0,1.0,64.0,0.01821271,0.033042,0.016924,1.8421142101287842,100.0
1.0,64.0,1.0,128.0,0.011157680000000001,0.029021,0.008697,1.1307682991027832,100.0
1.0,64.0,1.0,256.0,0.007605939999999994,0.024527,0.004585,0.7803647518157959,100.0
1.0,64.0,2.0,16.0,0.06499597999999998,0.067002,0.064017,6.401780843734741,100.0
1.0,64.0,2.0,64.0,0.01931980000000001,0.03,0.01699,1.7760562896728516,100.0
1.0,64.0,2.0,128.0,0.011684179999999999,0.024993,0.00896,1.0023150444030762,100.0
1.0,64.0,2.0,256.0,0.008534080000000001,0.020997,0.004817,0.6421880722045898,100.0
1.0,64.0,4.0,16.0,0.06530268000000002,0.067001,0.064003,6.365587949752808,100.0
1.0,64.0,4.0,64.0,0.019718879999999998,0.024002,0.017983,1.7069993019104004,100.0
1.0,64.0,4.0,128.0,0.011801560000000003,0.01999,0.008999,0.9050016403198242,100.0
1.0,64.0,4.0,256.0,0.007881320000000002,0.019996,0.005965,0.5170085430145264,100.0
1.0,64.0,8.0,16.0,0.066384,0.070004,0.064996,6.347588777542114,100.0
1.0,64.0,8.0,64.0,0.020915749999999997,0.025002,0.018986,1.66499924659729,100.0
1.0,64.0,8.0,128.0,0.01225325,0.015002,0.009999,0.8575773239135742,100.0
1.0,64.0,8.0,256.0,0.006835000000000001,0.010996,0.005964,0.4559974670410156,100.0
2.0,8.0,1.0,16.0,0.06613645000000001,0.069004,0.063998,6.643577575683594,100.0
2.0,8.0,1.0,64.0,0.019118690000000004,0.031835,0.016942,1.9367976188659668,100.0
2.0,8.0,1.0,128.0,0.013165809999999995,0.033407,0.008927,1.3515570163726807,100.0
2.0,8.0,1.0,256.0,0.00917436,0.029961,0.004962,0.9525845050811768,100.0
2.0,8.0,2.0,16.0,0.06776062000000001,0.073006,0.064997,6.555178165435791,100.0
2.0,8.0,2.0,64.0,0.022181680000000002,0.027,0.019,1.9309985637664795,100.0
2.0,8.0,2.0,128.0,0.014117960000000002,0.03,0.010973,1.1358668804168701,100.0
2.0,8.0,2.0,256.0,0.011964359999999999,0.030996,0.005996,0.8260021209716797,100.0
2.0,8.0,4.0,16.0,0.06671803999999999,0.069004,0.065974,6.400814533233643,100.0
2.0,8.0,4.0,64.0,0.021601,0.026995,0.019,1.7530052661895752,100.0
2.0,8.0,4.0,128.0,0.012239680000000001,0.016004,0.009989,0.9199972152709961,100.0
2.0,8.0,4.0,256.0,0.00919756,0.027002,0.005926,0.5480051040649414,100.0
2.0,8.0,8.0,16.0,0.06716791666666667,0.069,0.066001,6.357416391372681,100.0
2.0,8.0,8.0,64.0,0.021166499999999994,0.027997,0.019003,1.675004243850708,100.0
2.0,8.0,8.0,128.0,0.01357925,0.015002,0.011965,0.8900070190429688,100.0
2.0,8.0,8.0,256.0,0.008670666666666665,0.011028,0.006006,0.46500515937805176,100.0
2.0,16.0,1.0,16.0,0.06583419999999998,0.067993,0.064745,6.6183741092681885,100.0
2.0,16.0,1.0,64.0,0.019146300000000005,0.030005,0.016967,1.9437174797058105,100.0
2.0,16.0,1.0,128.0,0.012205720000000001,0.028017,0.008959,1.2386975288391113,100.0
2.0,16.0,1.0,256.0,0.008692909999999996,0.026021,0.004958,0.8964049816131592,100.0
2.0,16.0,2.0,16.0,0.06529651999999996,0.067879,0.063958,6.431776762008667,100.0
2.0,16.0,2.0,64.0,0.019371899999999997,0.026011,0.017951,1.7804417610168457,100.0
2.0,16.0,2.0,128.0,0.01206242,0.038301,0.008944,1.0133516788482666,100.0
2.0,16.0,2.0,256.0,0.008542320000000003,0.032156,0.004905,0.6441628932952881,100.0
2.0,16.0,4.0,16.0,0.06552176,0.068903,0.063962,6.37737250328064,100.0
2.0,16.0,4.0,64.0,0.019079799999999997,0.021002,0.017999,1.685049295425415,100.0
2.0,16.0,4.0,128.0,0.013004840000000002,0.031002,0.009986,0.9357852935791016,100.0
2.0,16.0,4.0,256.0,0.007990720000000002,0.028121,0.004997,0.5336997509002686,100.0
2.0,16.0,8.0,16.0,0.06569316666666666,0.067002,0.064981,6.341310977935791,100.0
2.0,16.0,8.0,64.0,0.020195750000000002,0.023,0.018957,1.6578319072723389,100.0
2.0,16.0,8.0,128.0,0.011655333333333332,0.015,0.009949,0.8532419204711914,100.0
2.0,16.0,8.0,256.0,0.009068083333333333,0.023252,0.005042,0.47363829612731934,100.0
2.0,32.0,1.0,16.0,0.06579607999999999,0.068015,0.064963,6.6115357875823975,100.0
2.0,32.0,1.0,64.0,0.018867460000000013,0.031002,0.017959,1.8988001346588135,100.0
2.0,32.0,1.0,128.0,0.012378789999999997,0.033603,0.008961,1.2609479427337646,100.0
2.0,32.0,1.0,256.0,0.008715019999999997,0.031611,0.004944,0.903752326965332,100.0
2.0,32.0,2.0,16.0,0.06555449999999999,0.067003,0.06463,6.445244789123535,100.0
2.0,32.0,2.0,64.0,0.01995884,0.02796,0.01793,1.8146977424621582,100.0
2.0,32.0,2.0,128.0,0.011539179999999996,0.022006,0.009004,0.9839832782745361,100.0
2.0,32.0,2.0,256.0,0.009873679999999998,0.033992,0.004913,0.7249321937561035,100.0
2.0,32.0,4.0,16.0,0.06576027999999999,0.066659,0.064958,6.376350402832031,100.0
2.0,32.0,4.0,64.0,0.0195792,0.022002,0.017999,1.6992671489715576,100.0
2.0,32.0,4.0,128.0,0.0123336,0.026955,0.008994,0.9183633327484131,100.0
2.0,32.0,4.0,256.0,0.009316000000000001,0.021996,0.005139,0.5655002593994141,100.0
2.0,32.0,8.0,16.0,0.06596108333333334,0.066369,0.065284,6.339040279388428,100.0
2.0,32.0,8.0,64.0,0.01954675,0.019964,0.01896,1.6478807926177979,100.0
2.0,32.0,8.0,128.0,0.011167333333333335,0.014,0.009954,0.8582515716552734,100.0
2.0,32.0,8.0,256.0,0.008940499999999999,0.026998,0.00598,0.4645364284515381,100.0
2.0,64.0,1.0,16.0,0.06567730999999996,0.071995,0.064681,6.613530874252319,100.0
2.0,64.0,1.0,64.0,0.018969970000000006,0.029009,0.01797,1.9269917011260986,100.0
2.0,64.0,1.0,128.0,0.012903360000000001,0.033899,0.008949,1.3115131855010986,100.0
2.0,64.0,1.0,256.0,0.009427720000000002,0.029636,0.004961,0.9738984107971191,100.0
2.0,64.0,2.0,16.0,0.06592034,0.067032,0.064965,6.4606897830963135,100.0
2.0,64.0,2.0,64.0,0.019553639999999997,0.030025,0.017987,1.7890074253082275,100.0
2.0,64.0,2.0,128.0,0.012771139999999997,0.033468,0.009001,1.048292636871338,100.0
2.0,64.0,2.0,256.0,0.008369559999999998,0.028471,0.004995,0.6389157772064209,100.0
2.0,64.0,4.0,16.0,0.06601884,0.066964,0.065382,6.380810976028442,100.0
2.0,64.0,4.0,64.0,0.01995296,0.027033,0.017958,1.7081806659698486,100.0
2.0,64.0,4.0,128.0,0.011641839999999999,0.020997,0.009946,0.9097545146942139,100.0
2.0,64.0,4.0,256.0,0.009238160000000002,0.023725,0.005956,0.53920578956604,100.0
2.0,64.0,8.0,16.0,0.06677699999999999,0.068194,0.065962,6.348179817199707,100.0
2.0,64.0,8.0,64.0,0.021415,0.030005,0.018999,1.6707711219787598,100.0
2.0,64.0,8.0,128.0,0.011920083333333333,0.014001,0.010998,0.8603670597076416,100.0
2.0,64.0,8.0,256.0,0.007823166666666668,0.011045,0.005996,0.46576809883117676,100.0
3.0,8.0,1.0,16.0,0.06499678000000002,0.067001,0.063807,6.510568141937256,100.0
3.0,8.0,1.0,64.0,0.017807029999999998,0.027,0.016934,1.7898178100585938,100.0
3.0,8.0,1.0,128.0,0.011230979999999996,0.031043,0.008948,1.1361291408538818,100.0
3.0,8.0,1.0,256.0,0.00720977,0.031775,0.004507,0.7436637878417969,100.0
3.0,8.0,2.0,16.0,0.06500428,0.066175,0.064006,6.403757333755493,100.0
3.0,8.0,2.0,64.0,0.018272060000000007,0.035,0.016988,1.72575044631958,100.0
3.0,8.0,2.0,128.0,0.010409020000000005,0.031013,0.008948,0.9392151832580566,100.0
3.0,8.0,2.0,256.0,0.00723238,0.026305,0.004946,0.5719847679138184,100.0
3.0,8.0,4.0,16.0,0.06528843999999999,0.067038,0.06469,6.360724210739136,100.0
3.0,8.0,4.0,64.0,0.0183428,0.020995,0.017002,1.6655404567718506,100.0
3.0,8.0,4.0,128.0,0.010991800000000001,0.018998,0.008985,0.8919076919555664,100.0
3.0,8.0,4.0,256.0,0.006409919999999999,0.021071,0.004961,0.49962353706359863,100.0
3.0,8.0,8.0,16.0,0.06595833333333334,0.066962,0.064963,6.342040538787842,100.0
3.0,8.0,8.0,64.0,0.01986058333333333,0.021505,0.017951,1.6521251201629639,100.0
3.0,8.0,8.0,128.0,0.011391499999999999,0.013991,0.009964,0.8529977798461914,100.0
3.0,8.0,8.0,256.0,0.007050416666666667,0.011574,0.005961,0.45999836921691895,100.0
3.0,16.0,1.0,16.0,0.06499794,0.066036,0.063547,6.503835916519165,100.0
3.0,16.0,1.0,64.0,0.01793020999999999,0.029008,0.016964,1.8080523014068604,100.0
3.0,16.0,1.0,128.0,0.010763640000000001,0.028102,0.008939,1.0909993648529053,100.0
3.0,16.0,1.0,256.0,0.007316560000000001,0.032247,0.004738,0.7482402324676514,100.0
3.0,16.0,2.0,16.0,0.06493784000000001,0.066097,0.063961,6.41004204750061,100.0
3.0,16.0,2.0,64.0,0.018674239999999998,0.02798,0.016939,1.7495522499084473,100.0
3.0,16.0,2.0,128.0,0.011082960000000005,0.029008,0.008896,0.9724853038787842,100.0
3.0,16.0,2.0,256.0,0.00728696,0.025002,0.004961,0.5786221027374268,100.0
3.0,16.0,4.0,16.0,0.06596288,0.068034,0.064988,6.379592418670654,100.0
3.0,16.0,4.0,64.0,0.019563,0.034016,0.018,1.6985130310058594,100.0
3.0,16.0,4.0,128.0,0.01135404,0.016365,0.009932,0.9052283763885498,100.0
3.0,16.0,4.0,256.0,0.007484280000000001,0.025009,0.004994,0.5109398365020752,100.0
3.0,16.0,8.0,16.0,0.06708733333333333,0.068962,0.065963,6.352219343185425,100.0
3.0,16.0,8.0,64.0,0.020473916666666665,0.022052,0.019987,1.656914472579956,100.0
3.0,16.0,8.0,128.0,0.013757250000000004,0.017965,0.010997,0.8871991634368896,100.0
3.0,16.0,8.0,256.0,0.011539166666666665,0.025998,0.006988,0.5202183723449707,100.0
3.0,32.0,1.0,16.0,0.06488120999999998,0.066996,0.063782,6.510059595108032,100.0
3.0,32.0,1.0,64.0,0.01863149,0.030003,0.016961,1.891042709350586,100.0
3.0,32.0,1.0,128.0,0.011124230000000004,0.030995,0.008939,1.1426315307617188,100.0
3.0,32.0,1.0,256.0,0.0068381899999999975,0.023674,0.004543,0.7209384441375732,100.0
3.0,32.0,2.0,16.0,0.06592254,0.071002,0.064956,6.459433317184448,100.0
3.0,32.0,2.0,64.0,0.01959994,0.031966,0.017963,1.7886409759521484,100.0
3.0,32.0,2.0,128.0,0.011613560000000002,0.027011,0.008998,0.9946036338806152,100.0
3.0,32.0,2.0,256.0,0.0075702799999999995,0.024623,0.005935,0.6222662925720215,100.0
3.0,32.0,4.0,16.0,0.06686895999999999,0.067933,0.065958,6.401940822601318,100.0
3.0,32.0,4.0,64.0,0.02084768,0.024004,0.02,1.727264165878296,100.0
3.0,32.0,4.0,128.0,0.013723240000000001,0.028052,0.010987,0.9586942195892334,100.0
3.0,32.0,4.0,256.0,0.009319280000000003,0.022997,0.00699,0.5509998798370361,100.0
3.0,32.0,8.0,16.0,0.06933775,0.071999,0.067961,6.379739046096802,100.0
3.0,32.0,8.0,64.0,0.02317016666666667,0.026009,0.021004,1.6929545402526855,100.0
3.0,32.0,8.0,128.0,0.0148255,0.016996,0.013489,0.8872156143188477,100.0
3.0,32.0,8.0,256.0,0.011684,0.021267,0.008994,0.5102157592773438,100.0
3.0,64.0,1.0,16.0,0.06593003999999998,0.067195,0.064963,6.603178024291992,100.0
3.0,64.0,1.0,64.0,0.01883299,0.033,0.0176,1.8975541591644287,100.0
3.0,64.0,1.0,128.0,0.012736580000000006,0.03875,0.008965,1.2886879444122314,100.0
3.0,64.0,1.0,256.0,0.009149869999999997,0.028689,0.004963,0.9346845149993896,100.0
3.0,64.0,2.0,16.0,0.06702868000000003,0.070003,0.065963,6.509844779968262,100.0
3.0,64.0,2.0,64.0,0.020763340000000005,0.034002,0.018987,1.8512599468231201,100.0
3.0,64.0,2.0,128.0,0.01257836,0.023534,0.010919,1.0555908679962158,100.0
3.0,64.0,2.0,256.0,0.010551880000000005,0.034006,0.005961,0.7557964324951172,100.0
3.0,64.0,4.0,16.0,0.06928156000000002,0.071998,0.06796,6.46646785736084,100.0
3.0,64.0,4.0,64.0,0.023145080000000005,0.032814,0.020996,1.7877869606018066,100.0
3.0,64.0,4.0,128.0,0.01590316,0.030002,0.012999,1.0024213790893555,100.0
3.0,64.0,4.0,256.0,0.010812919999999998,0.026441,0.008032,0.5839262008666992,100.0
3.0,64.0,8.0,16.0,0.07446441666666666,0.080997,0.072958,6.439850330352783,100.0
3.0,64.0,8.0,64.0,0.027489750000000004,0.030959,0.024956,1.7432384490966797,100.0
3.0,64.0,8.0,128.0,0.02221966666666667,0.036365,0.017943,0.9894192218780518,100.0
3.0,64.0,8.0,256.0,0.016568750000000004,0.028003,0.012759,0.577634334564209,100.0
