enc_method,packet_bytes,n_packets_bundled,packets_per_sec,Average Delay,Maximum Delay,Minimum Delay,Delta Time,tot_packets
1.0,8.0,1.0,16.0,0.06538829,0.070528,0.064554,6.561314105987549,100.0
1.0,8.0,1.0,64.0,0.020590970000000004,0.037009,0.01662,2.123628616333008,100.0
1.0,8.0,1.0,128.0,0.015606130000000003,0.031816,0.00896,1.6235814094543457,100.0
1.0,8.0,1.0,256.0,0.010738730000000005,0.030756,0.005927,1.1349599361419678,100.0
1.0,8.0,2.0,16.0,0.0654856,0.070045,0.064002,6.42945671081543,100.0
1.0,8.0,2.0,64.0,0.01992804,0.028004,0.016999,1.8203458786010742,100.0
1.0,8.0,2.0,128.0,0.012146619999999999,0.022518,0.00994,1.0367231369018555,100.0
1.0,8.0,2.0,256.0,0.012378859999999997,0.029165,0.004964,0.8646600246429443,100.0
1.0,8.0,4.0,16.0,0.06545668,0.067959,0.063963,6.367022275924683,100.0
1.0,8.0,4.0,64.0,0.01962468,0.023979,0.016959,1.7034728527069092,100.0
1.0,8.0,4.0,128.0,0.0157916,0.027058,0.00996,1.022139072418213,100.0
1.0,8.0,4.0,256.0,0.009984719999999997,0.019643,0.005039,0.6011347770690918,100.0
1.0,8.0,8.0,16.0,0.06599275,0.069999,0.064505,6.338247299194336,100.0
1.0,8.0,8.0,64.0,0.01929525,0.021265,0.017001,1.6483869552612305,100.0
1.0,8.0,8.0,128.0,0.011936666666666667,0.014145,0.01,0.8779675960540771,100.0
1.0,8.0,8.0,256.0,0.011414083333333333,0.017001,0.006998,0.5386230945587158,100.0
1.0,16.0,1.0,16.0,0.06522493000000001,0.067245,0.064,6.544573545455933,100.0
1.0,16.0,1.0,64.0,0.019256939999999993,0.032028,0.016863,1.961836338043213,100.0
1.0,16.0,1.0,128.0,0.015741579999999995,0.034996,0.009997,1.6447334289550781,100.0
1.0,16.0,1.0,256.0,0.012881850000000005,0.031662,0.004955,1.355741024017334,100.0
1.0,16.0,2.0,16.0,0.07076989999999998,0.254522,0.064004,6.6985414028167725,100.0
1.0,16.0,2.0,64.0,0.019361759999999995,0.033003,0.016979,1.7770054340362549,100.0
1.0,16.0,2.0,128.0,0.011540079999999998,0.024998,0.008969,1.0105628967285156,100.0
1.0,16.0,2.0,256.0,0.008496680000000001,0.026014,0.004973,0.6367673873901367,100.0
1.0,16.0,4.0,16.0,0.06486148,0.066043,0.063956,6.354671955108643,100.0
1.0,16.0,4.0,64.0,0.018563080000000003,0.019975,0.016962,1.67521333694458,100.0
1.0,16.0,4.0,128.0,0.010983320000000001,0.021966,0.008928,0.8818149566650391,100.0
1.0,16.0,4.0,256.0,0.00717124,0.028005,0.004991,0.49812960624694824,100.0
1.0,16.0,8.0,16.0,0.0650555,0.06605,0.064716,6.325138092041016,100.0
1.0,16.0,8.0,64.0,0.018402333333333333,0.021964,0.01696,1.6322591304779053,100.0
1.0,16.0,8.0,128.0,0.010518083333333332,0.012362,0.009935,0.8406193256378174,100.0
1.0,16.0,8.0,256.0,0.006389250000000002,0.009001,0.005,0.4433286190032959,100.0
1.0,32.0,1.0,16.0,0.06491130999999999,0.067,0.063605,6.504031658172607,100.0
1.0,32.0,1.0,64.0,0.01809472999999999,0.033021,0.016797,1.8154408931732178,100.0
1.0,32.0,1.0,128.0,0.01112804,0.032039,0.008603,1.1289844512939453,100.0
1.0,32.0,1.0,256.0,0.008328849999999997,0.029001,0.004947,0.8519937992095947,100.0
1.0,32.0,2.0,16.0,0.06475233999999999,0.067057,0.063959,6.407870769500732,100.0
1.0,32.0,2.0,64.0,0.018272479999999997,0.036002,0.016954,1.7256064414978027,100.0
1.0,32.0,2.0,128.0,0.010811659999999999,0.026001,0.008683,0.9477522373199463,100.0
1.0,32.0,2.0,256.0,0.007245340000000001,0.023002,0.004585,0.5701653957366943,100.0
1.0,32.0,4.0,16.0,0.06494188000000001,0.065041,0.064551,6.349647045135498,100.0
1.0,32.0,4.0,64.0,0.018458480000000003,0.02103,0.016967,1.6678190231323242,100.0
1.0,32.0,4.0,128.0,0.011403320000000003,0.021013,0.009,0.890967607498169,100.0
1.0,32.0,4.0,256.0,0.00790428,0.023763,0.004945,0.5015013217926025,100.0
1.0,32.0,8.0,16.0,0.06513216666666667,0.066003,0.063962,6.330545663833618,100.0
1.0,32.0,8.0,64.0,0.01925325,0.020991,0.017035,1.6470282077789307,100.0
1.0,32.0,8.0,128.0,0.010807666666666667,0.01497,0.008963,0.8375122547149658,100.0
1.0,32.0,8.0,256.0,0.00689325,0.01796,0.004947,0.43862009048461914,100.0
1.0,64.0,1.0,16.0,0.06498380000000001,0.06705,0.063994,6.508303880691528,100.0
1.0,64.0,1.0,64.0,0.018290250000000004,0.030968,0.016958,1.8451132774353027,100.0
1.0,64.0,1.0,128.0,0.011181169999999997,0.030005,0.008957,1.1337666511535645,100.0
1.0,64.0,1.0,256.0,0.00788298,0.027502,0.004668,0.804394006729126,100.0
1.0,64.0,2.0,16.0,0.06495244,0.068042,0.063957,6.4057769775390625,100.0
1.0,64.0,2.0,64.0,0.018698959999999997,0.023998,0.016965,1.7420010566711426,100.0
1.0,64.0,2.0,128.0,0.011822879999999997,0.024994,0.008964,0.99831223487854,100.0
1.0,64.0,2.0,256.0,0.00846434,0.022991,0.004991,0.651191234588623,100.0
1.0,64.0,4.0,16.0,0.06534311999999999,0.067008,0.064622,6.369611501693726,100.0
1.0,64.0,4.0,64.0,0.01968228,0.024007,0.017998,1.7010002136230469,100.0
1.0,64.0,4.0,128.0,0.012157279999999998,0.025986,0.009968,0.912999153137207,100.0
1.0,64.0,4.0,256.0,0.007838640000000001,0.019999,0.004992,0.5290079116821289,100.0
1.0,64.0,8.0,16.0,0.06638033333333333,0.068002,0.065596,6.3445961475372314,100.0
1.0,64.0,8.0,64.0,0.020828749999999997,0.025002,0.018001,1.6680073738098145,100.0
1.0,64.0,8.0,128.0,0.013253250000000001,0.030021,0.008977,0.8885819911956787,100.0
1.0,64.0,8.0,256.0,0.010076083333333334,0.027008,0.00596,0.4779956340789795,100.0
2.0,8.0,1.0,16.0,0.0660955,0.068001,0.064,6.639580488204956,100.0
2.0,8.0,1.0,64.0,0.019057879999999992,0.031001,0.016984,1.9277966022491455,100.0
2.0,8.0,1.0,128.0,0.013379559999999997,0.03188,0.008958,1.3702194690704346,100.0
2.0,8.0,1.0,256.0,0.009027969999999998,0.027002,0.004975,0.9435853958129883,100.0
2.0,8.0,2.0,16.0,0.06765844000000001,0.073006,0.064966,6.56117582321167,100.0
2.0,8.0,2.0,64.0,0.02222126,0.027,0.018986,1.9360055923461914,100.0
2.0,8.0,2.0,128.0,0.014298780000000002,0.035999,0.010994,1.1288669109344482,100.0
2.0,8.0,2.0,256.0,0.011821259999999998,0.028005,0.005996,0.8220031261444092,100.0
2.0,8.0,4.0,16.0,0.06667948,0.068008,0.064999,6.407811164855957,100.0
2.0,8.0,4.0,64.0,0.021560199999999998,0.028999,0.018996,1.7560069561004639,100.0
2.0,8.0,4.0,128.0,0.012439720000000001,0.015005,0.009992,0.9280004501342773,100.0
2.0,8.0,4.0,256.0,0.008239360000000003,0.028001,0.005992,0.5329990386962891,100.0
2.0,8.0,8.0,16.0,0.06725158333333332,0.068006,0.066005,6.360415458679199,100.0
2.0,8.0,8.0,64.0,0.02125,0.028,0.020001,1.6690044403076172,100.0
2.0,8.0,8.0,128.0,0.01391533333333333,0.015978,0.012002,0.886000394821167,100.0
2.0,8.0,8.0,256.0,0.007756916666666666,0.011028,0.005996,0.4720041751861572,100.0
2.0,16.0,1.0,16.0,0.06584462,0.068002,0.064002,6.622376203536987,100.0
2.0,16.0,1.0,64.0,0.01925768000000001,0.032013,0.017508,1.9377171993255615,100.0
2.0,16.0,1.0,128.0,0.01172644,0.027973,0.008978,1.1976816654205322,100.0
2.0,16.0,1.0,256.0,0.008498039999999998,0.026017,0.004967,0.8719217777252197,100.0
2.0,16.0,2.0,16.0,0.06528568000000001,0.067022,0.064,6.434826374053955,100.0
2.0,16.0,2.0,64.0,0.019369560000000008,0.026002,0.017999,1.7834446430206299,100.0
2.0,16.0,2.0,128.0,0.01132528,0.027013,0.008962,0.9963886737823486,100.0
2.0,16.0,2.0,256.0,0.00820582,0.03224,0.004963,0.6411228179931641,100.0
2.0,16.0,4.0,16.0,0.06553224000000002,0.066905,0.064956,6.373397350311279,100.0
2.0,16.0,4.0,64.0,0.01912172,0.020049,0.018001,1.6870477199554443,100.0
2.0,16.0,4.0,128.0,0.012911879999999997,0.028003,0.008967,0.9327740669250488,100.0
2.0,16.0,4.0,256.0,0.0076288000000000016,0.027077,0.005002,0.5226988792419434,100.0
2.0,16.0,8.0,16.0,0.06576091666666666,0.067961,0.064715,6.338274717330933,100.0
2.0,16.0,8.0,64.0,0.020072333333333334,0.021979,0.01895,1.6548349857330322,100.0
2.0,16.0,8.0,128.0,0.011650083333333333,0.014,0.009957,0.8552186489105225,100.0
2.0,16.0,8.0,256.0,0.00914,0.021261,0.005035,0.4765739440917969,100.0
2.0,32.0,1.0,16.0,0.06575643,0.068,0.064,6.606507301330566,100.0
2.0,32.0,1.0,64.0,0.01920694,0.036024,0.016959,1.9397962093353271,100.0
2.0,32.0,1.0,128.0,0.012536289999999995,0.035554,0.008964,1.2819559574127197,100.0
2.0,32.0,1.0,256.0,0.008514359999999997,0.033626,0.004933,0.8937861919403076,100.0
2.0,32.0,2.0,16.0,0.06544927999999996,0.067211,0.064585,6.448241710662842,100.0
2.0,32.0,2.0,64.0,0.01992986,0.027961,0.01796,1.816697120666504,100.0
2.0,32.0,2.0,128.0,0.011492939999999998,0.021004,0.009,0.9889833927154541,100.0
2.0,32.0,2.0,256.0,0.010784319999999998,0.033011,0.004967,0.7574789524078369,100.0
2.0,32.0,4.0,16.0,0.0658808,0.068959,0.064961,6.380350351333618,100.0
2.0,32.0,4.0,64.0,0.019525,0.021016,0.018,1.6952660083770752,100.0
2.0,32.0,4.0,128.0,0.011651600000000002,0.02702,0.008965,0.9223647117614746,100.0
2.0,32.0,4.0,256.0,0.009653400000000001,0.026337,0.005965,0.5473449230194092,100.0
2.0,32.0,8.0,16.0,0.06610483333333335,0.066995,0.064968,6.3430397510528564,100.0
2.0,32.0,8.0,64.0,0.0195705,0.020999,0.017966,1.6528394222259521,100.0
2.0,32.0,8.0,128.0,0.011335916666666668,0.012992,0.009984,0.8512544631958008,100.0
2.0,32.0,8.0,256.0,0.008723500000000002,0.023074,0.005999,0.4714992046356201,100.0
2.0,64.0,1.0,16.0,0.06579363,0.07097,0.063949,6.61752986907959,100.0
2.0,64.0,1.0,64.0,0.019050240000000006,0.032999,0.017015,1.9179790019989014,100.0
2.0,64.0,1.0,128.0,0.012798799999999997,0.031429,0.008963,1.3000471591949463,100.0
2.0,64.0,1.0,256.0,0.009098879999999997,0.027024,0.00494,0.9422588348388672,100.0
2.0,64.0,2.0,16.0,0.06597130000000001,0.068,0.064959,6.456691265106201,100.0
2.0,64.0,2.0,64.0,0.019521980000000005,0.031008,0.017988,1.785008430480957,100.0
2.0,64.0,2.0,128.0,0.012519379999999998,0.032469,0.009959,1.045290470123291,100.0
2.0,64.0,2.0,256.0,0.008390860000000002,0.027249,0.005957,0.6439614295959473,100.0
2.0,64.0,4.0,16.0,0.06598692,0.068033,0.064781,6.384809732437134,100.0
2.0,64.0,4.0,64.0,0.01975768,0.028966,0.018546,1.7022192478179932,100.0
2.0,64.0,4.0,128.0,0.011983239999999997,0.021053,0.00996,0.9067707061767578,100.0
2.0,64.0,4.0,256.0,0.008737600000000002,0.020695,0.004994,0.5452117919921875,100.0
2.0,64.0,8.0,16.0,0.06633391666666666,0.068002,0.065959,6.34516453742981,100.0
2.0,64.0,8.0,64.0,0.021835249999999997,0.037962,0.018,1.6767706871032715,100.0
2.0,64.0,8.0,128.0,0.012793583333333336,0.015001,0.010999,0.8653666973114014,100.0
2.0,64.0,8.0,256.0,0.008246833333333333,0.012087,0.005966,0.46976685523986816,100.0
3.0,8.0,1.0,16.0,0.06495603000000001,0.067055,0.063965,6.506568670272827,100.0
3.0,8.0,1.0,64.0,0.017718560000000005,0.025026,0.016961,1.7878174781799316,100.0
3.0,8.0,1.0,128.0,0.011270299999999994,0.031782,0.008886,1.147127389907837,100.0
3.0,8.0,1.0,256.0,0.0073130000000000035,0.032776,0.004934,0.7519674301147461,100.0
3.0,8.0,2.0,16.0,0.06495282000000001,0.065174,0.064565,6.401759386062622,100.0
3.0,8.0,2.0,64.0,0.01824694,0.035032,0.016999,1.7227444648742676,100.0
3.0,8.0,2.0,128.0,0.01051148,0.032002,0.008919,0.9432120323181152,100.0
3.0,8.0,2.0,256.0,0.00744246,0.028262,0.004949,0.6039977073669434,100.0
3.0,8.0,4.0,16.0,0.06525840000000001,0.066038,0.063955,6.357762813568115,100.0
3.0,8.0,4.0,64.0,0.01838144,0.019998,0.017963,1.6635429859161377,100.0
3.0,8.0,4.0,128.0,0.010930120000000002,0.018002,0.009,0.8879086971282959,100.0
3.0,8.0,4.0,256.0,0.006018559999999999,0.011036,0.004959,0.49762415885925293,100.0
3.0,8.0,8.0,16.0,0.06600191666666667,0.066037,0.06596,6.3400068283081055,100.0
3.0,8.0,8.0,64.0,0.019955166666666663,0.021509,0.018988,1.6491286754608154,100.0
3.0,8.0,8.0,128.0,0.011656583333333337,0.014977,0.009963,0.8569962978363037,100.0
3.0,8.0,8.0,256.0,0.007450833333333334,0.013601,0.005932,0.4550020694732666,100.0
3.0,16.0,1.0,16.0,0.06501905000000002,0.066039,0.064037,6.507867097854614,100.0
3.0,16.0,1.0,64.0,0.01810051,0.032012,0.016954,1.8230726718902588,100.0
3.0,16.0,1.0,128.0,0.010569180000000001,0.028143,0.008609,1.0712411403656006,100.0
3.0,16.0,1.0,256.0,0.007391809999999996,0.031243,0.004725,0.7552497386932373,100.0
3.0,16.0,2.0,16.0,0.0648985,0.066003,0.06396,6.407037973403931,100.0
3.0,16.0,2.0,64.0,0.01875744,0.027982,0.016964,1.7555255889892578,100.0
3.0,16.0,2.0,128.0,0.01114846,0.03105,0.008949,0.9784486293792725,100.0
3.0,16.0,2.0,256.0,0.007260859999999999,0.027006,0.004927,0.5696547031402588,100.0
3.0,16.0,4.0,16.0,0.06558756,0.06606,0.064956,6.376632928848267,100.0
3.0,16.0,4.0,64.0,0.01964332,0.032003,0.018004,1.6945116519927979,100.0
3.0,16.0,4.0,128.0,0.01145868,0.01531,0.009985,0.9082291126251221,100.0
3.0,16.0,4.0,256.0,0.007091480000000001,0.015014,0.005985,0.49893999099731445,100.0
3.0,16.0,8.0,16.0,0.06701891666666666,0.067191,0.066956,6.349217891693115,100.0
3.0,16.0,8.0,64.0,0.020614916666666663,0.023999,0.019998,1.66194486618042,100.0
3.0,16.0,8.0,128.0,0.013426666666666665,0.022032,0.011034,0.8802008628845215,100.0
3.0,16.0,8.0,256.0,0.008928666666666668,0.019283,0.006982,0.48122286796569824,100.0
3.0,32.0,1.0,16.0,0.06501066000000008,0.066039,0.064555,6.504093885421753,100.0
3.0,32.0,1.0,64.0,0.018720880000000002,0.031003,0.016977,1.8970510959625244,100.0
3.0,32.0,1.0,128.0,0.011482009999999997,0.030998,0.008891,1.177645206451416,100.0
3.0,32.0,1.0,256.0,0.007151230000000004,0.025309,0.004602,0.7406847476959229,100.0
3.0,32.0,2.0,16.0,0.06597064000000001,0.072962,0.064564,6.46346116065979,100.0
3.0,32.0,2.0,64.0,0.01893688,0.021039,0.017964,1.7556352615356445,100.0
3.0,32.0,2.0,128.0,0.011717499999999999,0.023,0.009966,0.9926047325134277,100.0
3.0,32.0,2.0,256.0,0.008239119999999997,0.028209,0.004958,0.630274772644043,100.0
3.0,32.0,4.0,16.0,0.06683852,0.069405,0.065993,6.404940843582153,100.0
3.0,32.0,4.0,64.0,0.020845679999999995,0.024011,0.019,1.733215570449829,100.0
3.0,32.0,4.0,128.0,0.013317520000000003,0.021002,0.010998,0.9546928405761719,100.0
3.0,32.0,4.0,256.0,0.008326320000000002,0.012001,0.006953,0.5580010414123535,100.0
3.0,32.0,8.0,16.0,0.06909491666666666,0.070043,0.068001,6.375737428665161,100.0
3.0,32.0,8.0,64.0,0.022836250000000002,0.024996,0.021991,1.6869561672210693,100.0
3.0,32.0,8.0,128.0,0.015133000000000002,0.021035,0.013,0.8942503929138184,100.0
3.0,32.0,8.0,256.0,0.011367750000000001,0.024255,0.008977,0.5182230472564697,100.0
3.0,64.0,1.0,16.0,0.06596115999999996,0.068963,0.064959,6.606210470199585,100.0
3.0,64.0,1.0,64.0,0.019054990000000008,0.030962,0.017716,1.9115159511566162,100.0
3.0,64.0,1.0,128.0,0.012814310000000002,0.03477,0.008962,1.2966222763061523,100.0
3.0,64.0,1.0,256.0,0.008648910000000003,0.027719,0.004952,0.8859429359436035,100.0
3.0,64.0,2.0,16.0,0.06712924000000003,0.071001,0.06596,6.5128514766693115,100.0
3.0,64.0,2.0,64.0,0.020805880000000002,0.034998,0.018982,1.853257417678833,100.0
3.0,64.0,2.0,128.0,0.012934839999999998,0.030004,0.01098,1.0725536346435547,100.0
3.0,64.0,2.0,256.0,0.011135080000000002,0.033044,0.00693,0.7678382396697998,100.0
3.0,64.0,4.0,16.0,0.06928767999999999,0.071999,0.06869,6.463467359542847,100.0
3.0,64.0,4.0,64.0,0.023020240000000004,0.029819,0.021964,1.7807800769805908,100.0
3.0,64.0,4.0,128.0,0.01593808,0.027,0.012,1.0084221363067627,100.0
3.0,64.0,4.0,256.0,0.01242648,0.029435,0.007996,0.6179301738739014,100.0
3.0,64.0,8.0,16.0,0.07400200000000001,0.075998,0.072966,6.433852434158325,100.0
3.0,64.0,8.0,64.0,0.027175083333333336,0.028112,0.025995,1.7372863292694092,100.0
3.0,64.0,8.0,128.0,0.020619416666666664,0.03301,0.017465,0.9594204425811768,100.0
3.0,64.0,8.0,256.0,0.016153166666666666,0.02002,0.013959,0.5616226196289062,100.0
